Study:  1.2.826.0.1.3680043.8.852.123456789.26       (26 images)
   - Series1:  1.2.826.0.1.3680043.8.852.123456789.26.1      (2 images)
   - Series2:  1.2.826.0.1.3680043.8.852.123456789.26.1      (24 images)